Sample	FastQC_mqc-generalstats-fastqc-percent_duplicates	FastQC_mqc-generalstats-fastqc-percent_gc	FastQC_mqc-generalstats-fastqc-avg_sequence_length	FastQC_mqc-generalstats-fastqc-median_sequence_length	FastQC_mqc-generalstats-fastqc-percent_fails	FastQC_mqc-generalstats-fastqc-total_sequences
N1010_N1_FKDN230330548-1A_H2CTYDSX7_L2_1	22.378328702611768	19.0	150.0	150	9.090909090909092	5878322.0
N1010_N1_FKDN230330548-1A_H2CTYDSX7_L2_2	21.32408101296984	22.0	150.0	150	18.181818181818183	5878322.0
N1010_N1_FKDN230330548-1A_HW7YWDSX5_L3_1	26.44177471906106	19.0	150.0	150	9.090909090909092	32720697.0
N1010_N1_FKDN230330548-1A_HW7YWDSX5_L3_2	24.601500106958824	22.0	150.0	150	18.181818181818183	32720697.0
N1010_U2_FKDN230330569-1A_H2CGWDSX7_L4_1	23.945022455775884	19.0	150.0	150	9.090909090909092	45007119.0
N1010_U2_FKDN230330569-1A_H2CGWDSX7_L4_2	19.757504199810498	22.0	150.0	150	27.27272727272727	45007119.0
N1010_U2_FKDN230330569-1A_H2CTYDSX7_L1_1	23.333322398033346	19.0	150.0	150	9.090909090909092	4561258.0
N1010_U2_FKDN230330569-1A_H2CTYDSX7_L1_2	22.378625127265934	23.0	150.0	150	18.181818181818183	4561258.0
N109_N2_FKDN230330549-1A_HWC35DSX5_L4_1	15.434457412047195	18.0	150.0	150	9.090909090909092	5261666.0
N109_N2_FKDN230330549-1A_HWC35DSX5_L4_2	14.379984173698247	22.0	150.0	150	18.181818181818183	5261666.0
N109_N2_FKDN230330549-1A_HY7MCDSX5_L4_1	20.463731087263284	18.0	150.0	150	9.090909090909092	25891656.0
N109_N2_FKDN230330549-1A_HY7MCDSX5_L4_2	11.745531127570047	22.0	150.0	150	27.27272727272727	25891656.0
N109_U2_FKDN230330568-1A_H2CTYDSX7_L1_1	23.59010771150568	18.0	150.0	150	9.090909090909092	6578637.0
N109_U2_FKDN230330568-1A_H2CTYDSX7_L1_2	22.5578511727996	22.0	150.0	150	18.181818181818183	6578637.0
N109_U2_FKDN230330568-1A_HW7YWDSX5_L3_1	27.460069211095757	19.0	150.0	150	9.090909090909092	32619814.0
N109_U2_FKDN230330568-1A_HW7YWDSX5_L3_2	24.735988691335947	22.0	150.0	150	18.181818181818183	32619814.0
N11_N1_FKDN230330530-1A_H2CGWDSX7_L4_2	18.860229464787665	22.0	150.0	150	27.27272727272727	41288793.0
N11_N1_FKDN230330530-1A_H2CTYDSX7_L2_1	22.17180105435402	19.0	150.0	150	9.090909090909092	5291387.0
N11_N1_FKDN230330530-1A_H2CTYDSX7_L2_2	21.3626685242985	22.0	150.0	150	18.181818181818183	5291387.0
N11_U2_FKDN230330550-1A_H2CGWDSX7_L4_1	22.668426565813178	19.0	150.0	150	9.090909090909092	46440985.0
N11_U2_FKDN230330550-1A_H2CGWDSX7_L4_2	18.59947904606861	22.0	150.0	150	27.27272727272727	46440985.0
N11_U2_FKDN230330550-1A_H2CTYDSX7_L2_1	23.327287312482312	19.0	150.0	150	9.090909090909092	5337668.0
N11_U2_FKDN230330550-1A_H2CTYDSX7_L2_2	22.250185397178385	22.0	150.0	150	18.181818181818183	5337668.0
N12_N2_FKDN230330531-1A_H2CGWDSX7_L4_1	21.474440014647996	19.0	150.0	150	18.181818181818183	36820049.0
N12_N2_FKDN230330531-1A_H2CGWDSX7_L4_2	17.274614719114624	22.0	150.0	150	27.27272727272727	36820049.0
N12_N2_FKDN230330531-1A_H2CTYDSX7_L2_1	20.72593897241171	19.0	150.0	150	9.090909090909092	3969946.0
N12_N2_FKDN230330531-1A_H2CTYDSX7_L2_2	19.474447697650945	22.0	150.0	150	18.181818181818183	3969946.0
N12_U2_FKDN230330551-1A_H2CTYDSX7_L2_1	21.365959980577472	19.0	150.0	150	9.090909090909092	6400145.0
N12_U2_FKDN230330551-1A_H2CTYDSX7_L2_2	20.5772274100172	22.0	150.0	150	18.181818181818183	6400145.0
N12_U2_FKDN230330551-1A_HW7YWDSX5_L3_1	25.138146743953783	19.0	150.0	150	9.090909090909092	36085333.0
N12_U2_FKDN230330551-1A_HW7YWDSX5_L3_2	23.58846350415901	22.0	150.0	150	18.181818181818183	36085333.0
N21_N1_FKDN230330532-1A_H2CTYDSX7_L2_1	21.100580092756672	19.0	150.0	150	9.090909090909092	4377184.0
N21_N1_FKDN230330532-1A_H2CTYDSX7_L2_2	20.282006099283322	23.0	150.0	150	18.181818181818183	4377184.0
N21_N1_FKDN230330532-1A_HWNCLDSX5_L1_1	20.91604871634604	19.0	150.0	150	9.090909090909092	20979200.0
N21_N1_FKDN230330532-1A_HWNCLDSX5_L1_2	18.806711042173447	23.0	150.0	150	18.181818181818183	20979200.0
N21_U2_FKDN230330552-1A_H2CTYDSX7_L2_1	19.79804643519107	19.0	150.0	150	9.090909090909092	4782641.0
N21_U2_FKDN230330552-1A_H2CTYDSX7_L2_2	18.7839655910562	23.0	150.0	150	27.27272727272727	4782641.0
N21_U2_FKDN230330552-1A_HW7YWDSX5_L3_1	23.588549736279376	19.0	150.0	150	18.181818181818183	24633014.0
N21_U2_FKDN230330552-1A_HW7YWDSX5_L3_2	21.97838804732389	23.0	150.0	150	27.27272727272727	24633014.0
N22_N2_FKDN230330533-1A_H2CTYDSX7_L2_1	21.350882261146253	19.0	150.0	150	9.090909090909092	3845014.0
N22_N2_FKDN230330533-1A_H2CTYDSX7_L2_2	20.295356896165373	23.0	150.0	150	18.181818181818183	3845014.0
N22_N2_FKDN230330533-1A_HWNCLDSX5_L1_1	21.007139789171873	19.0	150.0	150	9.090909090909092	12359510.0
N22_N2_FKDN230330533-1A_HWNCLDSX5_L1_2	19.18840929117171	23.0	150.0	150	18.181818181818183	12359510.0
N22_U1_FKDN230330553-1A_H2CTYDSX7_L2_1	20.868319226198352	18.0	150.0	150	9.090909090909092	3634602.0
N22_U1_FKDN230330553-1A_H2CTYDSX7_L2_2	19.558542641255073	21.0	150.0	150	18.181818181818183	3634602.0
N22_U1_FKDN230330553-1A_HW7YWDSX5_L3_1	25.79864373406967	18.0	150.0	150	9.090909090909092	21541405.0
N22_U1_FKDN230330553-1A_HW7YWDSX5_L3_2	23.17847448060448	21.0	150.0	150	18.181818181818183	21541405.0
N33_N1_FKDN230330534-1A_H2CTYDSX7_L2_1	21.16380618873447	19.0	150.0	150	9.090909090909092	4273764.0
N33_N1_FKDN230330534-1A_H2CTYDSX7_L2_2	20.391522477775112	22.0	150.0	150	18.181818181818183	4273764.0
N33_N1_FKDN230330534-1A_HWNCLDSX5_L1_1	21.157707326614243	19.0	150.0	150	9.090909090909092	19770006.0
N33_N1_FKDN230330534-1A_HWNCLDSX5_L1_2	19.16490057990137	22.0	150.0	150	18.181818181818183	19770006.0
N33_U1_FKDN230330554-1A_H2CTYDSX7_L2_1	20.353948321875734	19.0	150.0	150	18.181818181818183	5061754.0
N33_U1_FKDN230330554-1A_H2CTYDSX7_L2_2	18.943762948573166	23.0	150.0	150	27.27272727272727	5061754.0
N33_U1_FKDN230330554-1A_HW7YWDSX5_L3_1	24.67845494411965	20.0	150.0	150	18.181818181818183	25764636.0
N33_U1_FKDN230330554-1A_HW7YWDSX5_L3_2	22.738723293142996	23.0	150.0	150	27.27272727272727	25764636.0
N34_N1_FKDN230330535-1A_H2CTYDSX7_L2_1	20.24500271623495	19.0	150.0	150	9.090909090909092	4685107.0
N34_N1_FKDN230330535-1A_H2CTYDSX7_L2_2	18.92045308206508	22.0	150.0	150	18.181818181818183	4685107.0
N34_N1_FKDN230330535-1A_HWNCLDSX5_L1_1	20.74974352124464	19.0	150.0	150	9.090909090909092	19431728.0
N34_N1_FKDN230330535-1A_HWNCLDSX5_L1_2	18.101288892502993	22.0	150.0	150	18.181818181818183	19431728.0
N34_U1_FKDN230330555-1A_H2CTYDSX7_L2_1	21.81936513719937	19.0	150.0	150	9.090909090909092	5766350.0
N34_U1_FKDN230330555-1A_H2CTYDSX7_L2_2	21.413913065709778	22.0	150.0	150	18.181818181818183	5766350.0
N34_U1_FKDN230330555-1A_HW7YWDSX5_L3_1	25.66676056023826	19.0	150.0	150	9.090909090909092	36745738.0
N34_U1_FKDN230330555-1A_HW7YWDSX5_L3_2	25.153150108757103	22.0	150.0	150	18.181818181818183	36745738.0
N43_N2_FKDN230330536-1A_H2CTYDSX7_L2_1	20.780981496053187	19.0	150.0	150	18.181818181818183	4350369.0
N43_N2_FKDN230330536-1A_H2CTYDSX7_L2_2	19.89299173625389	23.0	150.0	150	18.181818181818183	4350369.0
N43_N2_FKDN230330536-1A_HWNCLDSX5_L1_1	21.307110621901188	19.0	150.0	150	9.090909090909092	21477772.0
N43_N2_FKDN230330536-1A_HWNCLDSX5_L1_2	19.115927313973174	23.0	150.0	150	18.181818181818183	21477772.0
N43_U2_FKDN230330556-1A_H2CGWDSX7_L4_1	19.94483633630695	19.0	150.0	150	9.090909090909092	26873986.0
N43_U2_FKDN230330556-1A_H2CGWDSX7_L4_2	16.453128933088095	22.0	150.0	150	27.27272727272727	26873986.0
N43_U2_FKDN230330556-1A_H2CTYDSX7_L2_1	21.33057251410669	19.0	150.0	150	9.090909090909092	5553460.0
N43_U2_FKDN230330556-1A_H2CTYDSX7_L2_2	20.411709244026284	22.0	150.0	150	18.181818181818183	5553460.0
N44_N2_FKDN230330537-1A_H2CTYDSX7_L2_1	22.96856839630668	19.0	150.0	150	9.090909090909092	6593796.0
N44_N2_FKDN230330537-1A_H2CTYDSX7_L2_2	21.992233012693774	22.0	150.0	150	18.181818181818183	6593796.0
N44_N2_FKDN230330537-1A_HWNCLDSX5_L1_1	23.34968801633414	19.0	150.0	150	9.090909090909092	25921358.0
N44_N2_FKDN230330537-1A_HWNCLDSX5_L1_2	20.87496579727089	22.0	150.0	150	18.181818181818183	25921358.0
N44_U1_FKDN230330557-1A_HWC35DSX5_L4_1	16.251130023790637	19.0	150.0	150	9.090909090909092	4062351.0
N44_U1_FKDN230330557-1A_HWC35DSX5_L4_2	15.500546526458578	22.0	150.0	150	18.181818181818183	4062351.0
N44_U1_FKDN230330557-1A_HY7MCDSX5_L4_1	21.813726785539956	19.0	150.0	150	9.090909090909092	35931562.0
N44_U1_FKDN230330557-1A_HY7MCDSX5_L4_2	14.510165751564685	22.0	150.0	150	27.27272727272727	35931562.0
N55_U1_FKDN230330558-1A_H2CTYDSX7_L2_1	18.785136045077266	20.0	150.0	150	18.181818181818183	3945260.0
N55_U1_FKDN230330558-1A_H2CTYDSX7_L2_2	17.67465541099334	23.0	150.0	150	27.27272727272727	3945260.0
N55_U1_FKDN230330558-1A_HW7YWDSX5_L3_1	20.466889740435917	20.0	150.0	150	18.181818181818183	22460328.0
N55_U1_FKDN230330558-1A_HW7YWDSX5_L3_2	18.78172529133556	23.0	150.0	150	27.27272727272727	22460328.0
N56_N1_FKDN230330539-1A_H2CGWDSX7_L4_1	23.293800433599827	19.0	150.0	150	9.090909090909092	43187133.0
N56_N1_FKDN230330539-1A_H2CGWDSX7_L4_2	18.73617976271585	22.0	150.0	150	27.27272727272727	43187133.0
N56_N1_FKDN230330539-1A_H2CTYDSX7_L2_1	22.389604176185358	18.0	150.0	150	9.090909090909092	5358141.0
N56_N1_FKDN230330539-1A_H2CTYDSX7_L2_2	20.97783462972849	22.0	150.0	150	18.181818181818183	5358141.0
N56_U1_FKDN230330559-1A_H2CGWDSX7_L4_1	21.359680363764582	19.0	150.0	150	9.090909090909092	36352427.0
N56_U1_FKDN230330559-1A_H2CGWDSX7_L4_2	16.655019308660442	22.0	150.0	150	27.27272727272727	36352427.0
N56_U1_FKDN230330559-1A_H2CTYDSX7_L2_1	20.716709588581665	18.0	150.0	150	9.090909090909092	4656754.0
N56_U1_FKDN230330559-1A_H2CTYDSX7_L2_2	19.220335513400997	22.0	150.0	150	18.181818181818183	4656754.0
N65_N1_FKDN230330540-1A_H2CTYDSX7_L2_1	20.014194205318418	19.0	150.0	150	9.090909090909092	3668352.0
N65_N1_FKDN230330540-1A_H2CTYDSX7_L2_2	18.94921649687589	23.0	150.0	150	18.181818181818183	3668352.0
N65_N1_FKDN230330540-1A_HW7YWDSX5_L3_1	23.01618046096729	19.0	150.0	150	18.181818181818183	19864426.0
N65_N1_FKDN230330540-1A_HW7YWDSX5_L3_2	21.586606397489163	23.0	150.0	150	27.27272727272727	19864426.0
N65_U2_FKDN230330560-1A_H2CTYDSX7_L2_1	19.91232810850805	20.0	150.0	150	18.181818181818183	6839142.0
N65_U2_FKDN230330560-1A_H2CTYDSX7_L2_2	19.155843999182864	23.0	150.0	150	27.27272727272727	6839142.0
N65_U2_FKDN230330560-1A_HW7YWDSX5_L3_1	23.553084851628327	20.0	150.0	150	18.181818181818183	27867476.0
N65_U2_FKDN230330560-1A_HW7YWDSX5_L3_2	22.189743345950745	23.0	150.0	150	27.27272727272727	27867476.0
N66_N2_FKDN230330541-1A_H2CGWDSX7_L4_1	19.373217570724265	19.0	150.0	150	9.090909090909092	27518533.0
N66_N2_FKDN230330541-1A_H2CGWDSX7_L4_2	16.014862186093183	22.0	150.0	150	27.27272727272727	27518533.0
N66_N2_FKDN230330541-1A_H2CTYDSX7_L2_1	19.99695059492724	19.0	150.0	150	9.090909090909092	4718938.0
N66_N2_FKDN230330541-1A_H2CTYDSX7_L2_2	18.9411503312308	22.0	150.0	150	18.181818181818183	4718938.0
N66_U1_FKDN230330561-1A_H2CGWDSX7_L4_1	20.200308154453367	20.0	150.0	150	18.181818181818183	27689153.0
N66_U1_FKDN230330561-1A_H2CGWDSX7_L4_2	17.115531185663983	23.0	150.0	150	27.27272727272727	27689153.0
N66_U1_FKDN230330561-1A_H2CTYDSX7_L2_1	21.014680686659418	19.0	150.0	150	9.090909090909092	4179576.0
N66_U1_FKDN230330561-1A_H2CTYDSX7_L2_2	20.20417676475236	23.0	150.0	150	18.181818181818183	4179576.0
N77_N1_FKDN230330542-1A_H2CTYDSX7_L2_1	20.769954724152697	21.0	150.0	150	9.090909090909092	4522046.0
N77_N1_FKDN230330542-1A_H2CTYDSX7_L2_2	19.51737635941052	24.0	150.0	150	18.181818181818183	4522046.0
N77_N1_FKDN230330542-1A_HW7YWDSX5_L3_1	24.167145982014233	21.0	150.0	150	9.090909090909092	23595323.0
N77_N1_FKDN230330542-1A_HW7YWDSX5_L3_2	22.048169982113407	24.0	150.0	150	27.27272727272727	23595323.0
N77_U2_FKDN230330562-1A_H2CGWDSX7_L4_1	19.703684318650332	19.0	150.0	150	9.090909090909092	24270961.0
N77_U2_FKDN230330562-1A_H2CGWDSX7_L4_2	17.703329999091622	22.0	150.0	150	27.27272727272727	24270961.0
N77_U2_FKDN230330562-1A_H2CTYDSX7_L1_1	22.18830676485328	19.0	150.0	150	9.090909090909092	4088742.0
N77_U2_FKDN230330562-1A_H2CTYDSX7_L1_2	22.292301829494875	22.0	150.0	150	18.181818181818183	4088742.0
N78_N2_FKDN230330543-1A_H2CTYDSX7_L4_1	18.367986512089033	20.0	150.0	150	18.181818181818183	3458919.0
N78_N2_FKDN230330543-1A_H2CTYDSX7_L4_2	17.961157659302614	23.0	150.0	150	18.181818181818183	3458919.0
N78_N2_FKDN230330543-1A_HW7YWDSX5_L3_1	24.48169293948594	20.0	150.0	150	9.090909090909092	27845732.0
N78_N2_FKDN230330543-1A_HW7YWDSX5_L3_2	23.43993884855739	23.0	150.0	150	18.181818181818183	27845732.0
N78_U2_FKDN230330563-1A_H2CGWDSX7_L4_1	21.502916341508495	19.0	150.0	150	9.090909090909092	42745913.0
N78_U2_FKDN230330563-1A_H2CGWDSX7_L4_2	17.6868386184735	22.0	150.0	150	27.27272727272727	42745913.0
N78_U2_FKDN230330563-1A_H2CTYDSX7_L1_1	22.627121354665903	19.0	150.0	150	9.090909090909092	5143948.0
N78_U2_FKDN230330563-1A_H2CTYDSX7_L1_2	22.13407946003676	22.0	150.0	150	18.181818181818183	5143948.0
N87_N2_FKDN230330544-1A_H2CTYDSX7_L2_1	21.494488607478758	19.0	150.0	150	9.090909090909092	5288843.0
N87_N2_FKDN230330544-1A_H2CTYDSX7_L2_2	20.440773707368123	22.0	150.0	150	18.181818181818183	5288843.0
N87_N2_FKDN230330544-1A_HW7YWDSX5_L3_1	25.04159865135378	19.0	150.0	150	9.090909090909092	23291882.0
N87_N2_FKDN230330544-1A_HW7YWDSX5_L3_2	23.514782599869264	22.0	150.0	150	27.27272727272727	23291882.0
N87_U1_FKDN230330564-1A_H2CGWDSX7_L4_1	21.81340677423269	19.0	150.0	150	9.090909090909092	30291542.0
N87_U1_FKDN230330564-1A_H2CGWDSX7_L4_2	17.32256745878348	22.0	150.0	150	27.27272727272727	30291542.0
N87_U1_FKDN230330564-1A_H2CTYDSX7_L1_1	24.02379913273657	19.0	150.0	150	9.090909090909092	5146668.0
N87_U1_FKDN230330564-1A_H2CTYDSX7_L1_2	23.695865438752094	22.0	150.0	150	18.181818181818183	5146668.0
N88_N2_FKDN230330545-1A_H2CTYDSX7_L2_1	21.21749496253861	20.0	150.0	150	18.181818181818183	4679920.0
N88_N2_FKDN230330545-1A_H2CTYDSX7_L2_2	20.358366485445302	23.0	150.0	150	18.181818181818183	4679920.0
N88_N2_FKDN230330545-1A_HW7YWDSX5_L3_1	25.39846285181447	20.0	150.0	150	18.181818181818183	33086205.0
N88_N2_FKDN230330545-1A_HW7YWDSX5_L3_2	23.82533018335647	23.0	150.0	150	27.27272727272727	33086205.0
N88_U2_FKDN230330565-1A_H2CGWDSX7_L4_1	20.333029996610108	20.0	150.0	150	9.090909090909092	41118966.0
N88_U2_FKDN230330565-1A_H2CGWDSX7_L4_2	17.69984505880818	23.0	150.0	150	27.27272727272727	41118966.0
N88_U2_FKDN230330565-1A_H2CTYDSX7_L1_1	21.71971662549575	19.0	150.0	150	9.090909090909092	4795023.0
N88_U2_FKDN230330565-1A_H2CTYDSX7_L1_2	21.62997310678668	23.0	150.0	150	18.181818181818183	4795023.0
N910_N1_FKDN230330547-1A_H2CTYDSX7_L2_1	21.1429988585394	19.0	150.0	150	9.090909090909092	6414177.0
N910_N1_FKDN230330547-1A_H2CTYDSX7_L2_2	20.423710893851847	22.0	150.0	150	27.27272727272727	6414177.0
N910_N1_FKDN230330547-1A_HWNCLDSX5_L1_1	20.924184716520145	19.0	150.0	150	9.090909090909092	19607586.0
N910_N1_FKDN230330547-1A_HWNCLDSX5_L1_2	19.224382453053764	22.0	150.0	150	27.27272727272727	19607586.0
N910_U2_FKDN230330567-1A_H2CTYDSX7_L1_1	24.870531384931	19.0	150.0	150	9.090909090909092	7419926.0
N910_U2_FKDN230330567-1A_H2CTYDSX7_L1_2	23.88896512990661	23.0	150.0	150	18.181818181818183	7419926.0
N910_U2_FKDN230330567-1A_HW7YWDSX5_L3_1	28.53521602270125	19.0	150.0	150	9.090909090909092	40025076.0
N910_U2_FKDN230330567-1A_HW7YWDSX5_L3_2	25.83573841616679	23.0	150.0	150	18.181818181818183	40025076.0
N99_N1_FKDN230330546-1A_H2CTYDSX7_L2_1	21.9161671586526	19.0	150.0	150	9.090909090909092	5896911.0
N99_N1_FKDN230330546-1A_H2CTYDSX7_L2_2	20.981321583440305	22.0	150.0	150	18.181818181818183	5896911.0
N99_N1_FKDN230330546-1A_HWNCLDSX5_L1_1	22.25151537368491	19.0	150.0	150	9.090909090909092	24444918.0
N99_N1_FKDN230330546-1A_HWNCLDSX5_L1_2	19.871518181123577	22.0	150.0	150	18.181818181818183	24444918.0
N99_U1_FKDN230330566-1A_H2CGWDSX7_L4_1	20.800908436310863	19.0	150.0	150	9.090909090909092	29061331.0
N99_U1_FKDN230330566-1A_H2CGWDSX7_L4_2	16.942101684903648	22.0	150.0	150	18.181818181818183	29061331.0
N99_U1_FKDN230330566-1A_H2CTYDSX7_L1_1	21.100358539129743	19.0	150.0	150	9.090909090909092	4820132.0
N99_U1_FKDN230330566-1A_H2CTYDSX7_L1_2	20.491505394728506	22.0	150.0	150	9.090909090909092	4820132.0
U1010_N2_FKDN230330589-1A_H2CGWDSX7_L4_1	21.485088019177965	19.0	150.0	150	9.090909090909092	25925192.0
U1010_N2_FKDN230330589-1A_H2CGWDSX7_L4_2	17.532513303539574	22.0	150.0	150	27.27272727272727	25925192.0
U1010_N2_FKDN230330589-1A_H2CTYDSX7_L1_1	22.880187631231763	19.0	150.0	150	9.090909090909092	4463862.0
U1010_N2_FKDN230330589-1A_H2CTYDSX7_L1_2	22.236627523311583	22.0	150.0	150	18.181818181818183	4463862.0
U1010_U1_FKDN230330609-1A_HWC35DSX5_L4_1	15.988443724388645	19.0	150.0	150	9.090909090909092	4663115.0
U1010_U1_FKDN230330609-1A_HWC35DSX5_L4_2	15.551865995524054	22.0	150.0	150	18.181818181818183	4663115.0
U1010_U1_FKDN230330609-1A_HY7MCDSX5_L4_1	22.040351419157105	19.0	150.0	150	9.090909090909092	43411469.0
U1010_U1_FKDN230330609-1A_HY7MCDSX5_L4_2	14.738315724518202	22.0	150.0	150	27.27272727272727	43411469.0
U109_N2_FKDN230330588-1A_H2CGWDSX7_L4_1	20.49386234234754	20.0	150.0	150	9.090909090909092	34120231.0
U109_N2_FKDN230330588-1A_H2CGWDSX7_L4_2	17.02355672175824	23.0	150.0	150	27.27272727272727	34120231.0
U109_N2_FKDN230330588-1A_H2CTYDSX7_L1_1	22.536364914492665	19.0	150.0	150	9.090909090909092	5679874.0
U109_N2_FKDN230330588-1A_H2CTYDSX7_L1_2	22.14001802259756	23.0	150.0	150	27.27272727272727	5679874.0
U109_U1_FKDN230330608-1A_H2CGWDSX7_L4_1	19.219450497450936	19.0	150.0	150	9.090909090909092	35279896.0
U109_U1_FKDN230330608-1A_H2CGWDSX7_L4_2	16.242572715693015	22.0	150.0	150	27.27272727272727	35279896.0
U109_U1_FKDN230330608-1A_H2CTYDSX7_L1_1	21.23992682813997	19.0	150.0	150	9.090909090909092	5080220.0
U109_U1_FKDN230330608-1A_H2CTYDSX7_L1_2	21.310893573132347	22.0	150.0	150	18.181818181818183	5080220.0
U11_N1_FKDN230330570-1A_H2CGWDSX7_L4_1	19.989721724733187	19.0	150.0	150	9.090909090909092	38255542.0
U11_N1_FKDN230330570-1A_H2CGWDSX7_L4_2	15.935611502780532	22.0	150.0	150	18.181818181818183	38255542.0
U11_N1_FKDN230330570-1A_H2CTYDSX7_L1_1	22.27864070199911	19.0	150.0	150	9.090909090909092	5321884.0
U11_N1_FKDN230330570-1A_H2CTYDSX7_L1_2	21.996731014626818	22.0	150.0	150	9.090909090909092	5321884.0
U11_U2_FKDN230330590-1A_H2CGWDSX7_L4_1	21.64794653454821	19.0	150.0	150	9.090909090909092	26931452.0
U11_U2_FKDN230330590-1A_H2CGWDSX7_L4_2	18.377330214285763	22.0	150.0	150	27.27272727272727	26931452.0
U11_U2_FKDN230330590-1A_H2CTYDSX7_L1_1	24.413094262126876	19.0	150.0	150	9.090909090909092	5798800.0
U11_U2_FKDN230330590-1A_H2CTYDSX7_L1_2	24.160458875737675	22.0	150.0	150	18.181818181818183	5798800.0
U12_N2_FKDN230330571-1A_H2CGWDSX7_L4_1	18.03302942358158	17.0	150.0	150	9.090909090909092	30587078.0
U12_N2_FKDN230330571-1A_H2CGWDSX7_L4_2	13.575401145743967	20.0	150.0	150	18.181818181818183	30587078.0
U12_N2_FKDN230330571-1A_H2CTYDSX7_L1_1	20.4413847623847	17.0	150.0	150	9.090909090909092	4933708.0
U12_N2_FKDN230330571-1A_H2CTYDSX7_L1_2	19.909142551898412	20.0	150.0	150	9.090909090909092	4933708.0
U12_U2_FKDN230330591-1A_HWC35DSX5_L4_1	16.87722138838504	18.0	150.0	150	9.090909090909092	5229665.0
U12_U2_FKDN230330591-1A_HWC35DSX5_L4_2	15.980785806259632	22.0	150.0	150	18.181818181818183	5229665.0
U12_U2_FKDN230330591-1A_HY7MCDSX5_L4_1	22.5264748065798	18.0	150.0	150	9.090909090909092	36484051.0
U12_U2_FKDN230330591-1A_HY7MCDSX5_L4_2	15.108047914097057	22.0	150.0	150	27.27272727272727	36484051.0
U21_N2_FKDN230330572-1A_H2CGWDSX7_L4_1	21.25928769733717	19.0	150.0	150	9.090909090909092	40021616.0
U21_N2_FKDN230330572-1A_H2CGWDSX7_L4_2	17.20492894117777	22.0	150.0	150	27.27272727272727	40021616.0
U21_N2_FKDN230330572-1A_H2CTYDSX7_L1_1	22.070351208973378	19.0	150.0	150	9.090909090909092	4625369.0
U21_N2_FKDN230330572-1A_H2CTYDSX7_L1_2	21.61656370306723	22.0	150.0	150	18.181818181818183	4625369.0
U21_U1_FKDN230330592-1A_H2CGWDSX7_L4_1	19.13829469739082	19.0	150.0	150	9.090909090909092	26920926.0
U21_U1_FKDN230330592-1A_H2CGWDSX7_L4_2	16.029860288276296	22.0	150.0	150	27.27272727272727	26920926.0
U21_U1_FKDN230330592-1A_H2CTYDSX7_L1_1	21.449241335295312	19.0	150.0	150	9.090909090909092	4290397.0
U21_U1_FKDN230330592-1A_H2CTYDSX7_L1_2	21.179233254376726	22.0	150.0	150	18.181818181818183	4290397.0
U22_N1_FKDN230330573-1A_H2CGWDSX7_L4_1	21.597559430513783	19.0	150.0	150	9.090909090909092	36543905.0
U22_N1_FKDN230330573-1A_H2CGWDSX7_L4_2	17.740732476916605	22.0	150.0	150	27.27272727272727	36543905.0
U22_N1_FKDN230330573-1A_H2CTYDSX7_L1_1	22.666376414562208	19.0	150.0	150	9.090909090909092	7755185.0
U22_N1_FKDN230330573-1A_H2CTYDSX7_L1_2	22.38688161881825	22.0	150.0	150	18.181818181818183	7755185.0
U22_U2_FKDN230330593-1A_HWC35DSX5_L4_1	14.853816882302866	19.0	150.0	150	9.090909090909092	2577081.0
U22_U2_FKDN230330593-1A_HWC35DSX5_L4_2	14.261133273072673	22.0	150.0	150	18.181818181818183	2577081.0
U22_U2_FKDN230330593-1A_HWCFTDSX5_L4_1	16.388610767536306	19.0	150.0	150	9.090909090909092	21962511.0
U22_U2_FKDN230330593-1A_HWCFTDSX5_L4_2	3.2716488187203367	22.0	150.0	150	27.27272727272727	21962511.0
U33_N2_FKDN230330574-1A_H2CGWDSX7_L4_1	21.80280029093163	19.0	150.0	150	9.090909090909092	45135092.0
U33_N2_FKDN230330574-1A_H2CGWDSX7_L4_2	18.60090631706109	22.0	150.0	150	27.27272727272727	45135092.0
U33_N2_FKDN230330574-1A_H2CTYDSX7_L1_1	22.820550865320357	19.0	150.0	150	9.090909090909092	6014589.0
U33_N2_FKDN230330574-1A_H2CTYDSX7_L1_2	22.728989787190756	23.0	150.0	150	18.181818181818183	6014589.0
U33_U1_FKDN230330594-1A_H2CGWDSX7_L4_1	20.894392548632666	19.0	150.0	150	9.090909090909092	32298694.0
U33_U1_FKDN230330594-1A_H2CGWDSX7_L4_2	17.674205230787848	23.0	150.0	150	27.27272727272727	32298694.0
U33_U1_FKDN230330594-1A_H2CTYDSX7_L1_1	22.56351033863811	19.0	150.0	150	9.090909090909092	5515218.0
U33_U1_FKDN230330594-1A_H2CTYDSX7_L1_2	22.102062451681874	23.0	150.0	150	18.181818181818183	5515218.0
U34_N2_FKDN230330575-1A_H2CGWDSX7_L4_1	21.016354050926353	19.0	150.0	150	9.090909090909092	37394997.0
U34_N2_FKDN230330575-1A_H2CGWDSX7_L4_2	17.20112517838392	22.0	150.0	150	27.27272727272727	37394997.0
U34_N2_FKDN230330575-1A_H2CTYDSX7_L1_1	22.793052064346114	19.0	150.0	150	9.090909090909092	5985234.0
U34_N2_FKDN230330575-1A_H2CTYDSX7_L1_2	22.59786322009181	22.0	150.0	150	18.181818181818183	5985234.0
U34_U2_FKDN230330595-1A_HWC35DSX5_L4_1	18.466357393366735	19.0	150.0	150	9.090909090909092	4963674.0
U34_U2_FKDN230330595-1A_HWC35DSX5_L4_2	17.984508946218412	22.0	150.0	150	18.181818181818183	4963674.0
U34_U2_FKDN230330595-1A_HY7MCDSX5_L4_1	23.363338709522324	19.0	150.0	150	9.090909090909092	28986832.0
U34_U2_FKDN230330595-1A_HY7MCDSX5_L4_2	15.006422980862581	22.0	150.0	150	27.27272727272727	28986832.0
U43_N2_FKDN230330576-1A_H2CGWDSX7_L4_1	20.914643395317086	20.0	150.0	150	9.090909090909092	43196464.0
U43_N2_FKDN230330576-1A_H2CGWDSX7_L4_2	18.19275995002819	22.0	150.0	150	27.27272727272727	43196464.0
U43_N2_FKDN230330576-1A_H2CTYDSX7_L1_1	22.111293468023078	19.0	150.0	150	9.090909090909092	4281955.0
U43_N2_FKDN230330576-1A_H2CTYDSX7_L1_2	22.076936616557248	23.0	150.0	150	18.181818181818183	4281955.0
U43_U1_FKDN230330596-1A_H2CGWDSX7_L4_1	22.517740613034505	19.0	150.0	150	9.090909090909092	42287194.0
U43_U1_FKDN230330596-1A_H2CGWDSX7_L4_2	18.955620449058955	22.0	150.0	150	27.27272727272727	42287194.0
U43_U1_FKDN230330596-1A_H2CTYDSX7_L1_1	22.858833477882413	19.0	150.0	150	9.090909090909092	4542650.0
U43_U1_FKDN230330596-1A_H2CTYDSX7_L1_2	22.31353755692045	22.0	150.0	150	18.181818181818183	4542650.0
U44_N2_FKDN230330577-1A_H2CGWDSX7_L4_1	22.438639380348874	19.0	150.0	150	9.090909090909092	30561267.0
U44_N2_FKDN230330577-1A_H2CGWDSX7_L4_2	19.564840144631646	23.0	150.0	150	27.27272727272727	30561267.0
U44_N2_FKDN230330577-1A_H2CTYDSX7_L1_1	25.571427138821647	19.0	150.0	150	9.090909090909092	6733271.0
U44_N2_FKDN230330577-1A_H2CTYDSX7_L1_2	25.814796437439853	23.0	150.0	150	18.181818181818183	6733271.0
U44_U1_FKDN230330597-1A_H2CGWDSX7_L4_1	21.56778708973698	19.0	150.0	150	9.090909090909092	34426197.0
U44_U1_FKDN230330597-1A_H2CGWDSX7_L4_2	17.90813288244827	22.0	150.0	150	27.27272727272727	34426197.0
U44_U1_FKDN230330597-1A_H2CTYDSX7_L1_1	22.186777580549617	19.0	150.0	150	9.090909090909092	4920988.0
U44_U1_FKDN230330597-1A_H2CTYDSX7_L1_2	21.591836180914598	22.0	150.0	150	18.181818181818183	4920988.0
U55_N2_FKDN230330578-1A_H2CGWDSX7_L4_1	21.540881422134646	20.0	150.0	150	9.090909090909092	41365267.0
U55_N2_FKDN230330578-1A_H2CGWDSX7_L4_2	17.73269492775667	23.0	150.0	150	27.27272727272727	41365267.0
U55_N2_FKDN230330578-1A_H2CTYDSX7_L1_1	22.73086067475532	19.0	150.0	150	9.090909090909092	4706533.0
U55_N2_FKDN230330578-1A_H2CTYDSX7_L1_2	22.407348788295593	23.0	150.0	150	18.181818181818183	4706533.0
U55_U1_FKDN230330598-1A_H2CGWDSX7_L4_1	19.948183392707293	19.0	150.0	150	9.090909090909092	32634357.0
U55_U1_FKDN230330598-1A_H2CGWDSX7_L4_2	17.089417256040235	22.0	150.0	150	27.27272727272727	32634357.0
U55_U1_FKDN230330598-1A_H2CTYDSX7_L1_1	21.499028921875265	19.0	150.0	150	9.090909090909092	4928095.0
U55_U1_FKDN230330598-1A_H2CTYDSX7_L1_2	21.225390367796805	22.0	150.0	150	18.181818181818183	4928095.0
U56_N1_FKDN230330579-1A_H2CGWDSX7_L4_1	21.687324818174986	19.0	150.0	150	9.090909090909092	32711812.0
U56_N1_FKDN230330579-1A_H2CGWDSX7_L4_2	17.321888819864114	22.0	150.0	150	27.27272727272727	32711812.0
U56_N1_FKDN230330579-1A_H2CTYDSX7_L1_1	23.473623492778174	19.0	150.0	150	9.090909090909092	5033934.0
U56_N1_FKDN230330579-1A_H2CTYDSX7_L1_2	22.795266392733154	22.0	150.0	150	18.181818181818183	5033934.0
U56_U1_FKDN230330599-1A_H2CGWDSX7_L4_1	21.763506892050884	19.0	150.0	150	9.090909090909092	47585778.0
U56_U1_FKDN230330599-1A_H2CGWDSX7_L4_2	17.78660093557714	22.0	150.0	150	27.27272727272727	47585778.0
U56_U1_FKDN230330599-1A_H2CTYDSX7_L1_1	23.083663139447538	19.0	150.0	150	9.090909090909092	6155217.0
U56_U1_FKDN230330599-1A_H2CTYDSX7_L1_2	22.722157658563503	22.0	150.0	150	18.181818181818183	6155217.0
U65_N2_FKDN230330580-1A_H2CGWDSX7_L4_1	19.382559494229028	19.0	150.0	150	9.090909090909092	23416230.0
U65_N2_FKDN230330580-1A_H2CGWDSX7_L4_2	17.57411965234428	22.0	150.0	150	27.27272727272727	23416230.0
U65_N2_FKDN230330580-1A_H2CTYDSX7_L1_1	21.96699719183445	19.0	150.0	150	9.090909090909092	3898523.0
U65_N2_FKDN230330580-1A_H2CTYDSX7_L1_2	22.183555888132588	23.0	150.0	150	18.181818181818183	3898523.0
U65_U2_FKDN230330600-1A_HWC35DSX5_L4_1	16.02630810893085	19.0	150.0	150	9.090909090909092	3759781.0
U65_U2_FKDN230330600-1A_HWC35DSX5_L4_2	15.389548529465912	23.0	150.0	150	18.181818181818183	3759781.0
U65_U2_FKDN230330600-1A_HY7MCDSX5_L4_1	20.368550956487184	19.0	150.0	150	9.090909090909092	24730557.0
U65_U2_FKDN230330600-1A_HY7MCDSX5_L4_2	14.3037448685034	23.0	150.0	150	27.27272727272727	24730557.0
U66_N2_FKDN230330581-1A_H2CGWDSX7_L4_1	22.502588781465974	20.0	150.0	150	9.090909090909092	50207904.0
U66_N2_FKDN230330581-1A_H2CGWDSX7_L4_2	19.234023181390313	23.0	150.0	150	27.27272727272727	50207904.0
U66_N2_FKDN230330581-1A_H2CTYDSX7_L1_1	23.378678962040084	19.0	150.0	150	9.090909090909092	6366920.0
U66_N2_FKDN230330581-1A_H2CTYDSX7_L1_2	23.060117481572078	23.0	150.0	150	27.27272727272727	6366920.0
U66_U1_FKDN230330601-1A_H2CGWDSX7_L4_1	23.442449148785187	18.0	150.0	150	9.090909090909092	43765699.0
U66_U1_FKDN230330601-1A_H2CGWDSX7_L4_2	18.743809631549865	21.0	150.0	150	27.27272727272727	43765699.0
U66_U1_FKDN230330601-1A_H2CTYDSX7_L1_1	23.886171985604392	18.0	150.0	150	9.090909090909092	5946501.0
U66_U1_FKDN230330601-1A_H2CTYDSX7_L1_2	23.09907829892768	21.0	150.0	150	18.181818181818183	5946501.0
U77_N2_FKDN230330582-1A_H2CTYDSX7_L1_1	59.683421661410456	24.0	150.0	150	27.27272727272727	7680614.0
U77_N2_FKDN230330582-1A_H2CTYDSX7_L1_2	53.372798051545985	27.0	150.0	150	27.27272727272727	7680614.0
U77_N2_FKDN230330582-1A_HW7YWDSX5_L3_1	87.43017310383898	24.0	150.0	150	27.27272727272727	158041723.0
U77_N2_FKDN230330582-1A_HW7YWDSX5_L3_2	84.70645046420816	27.0	150.0	150	27.27272727272727	158041723.0
U77_U1_FKDN230330602-1A_H2CGWDSX7_L4_1	22.145179108520338	19.0	150.0	150	9.090909090909092	44866266.0
U77_U1_FKDN230330602-1A_H2CGWDSX7_L4_2	18.623768694335155	22.0	150.0	150	27.27272727272727	44866266.0
U77_U1_FKDN230330602-1A_H2CTYDSX7_L1_1	22.510930212068885	19.0	150.0	150	9.090909090909092	5307606.0
U77_U1_FKDN230330602-1A_H2CTYDSX7_L1_2	22.42968159294881	22.0	150.0	150	18.181818181818183	5307606.0
U78_N1_FKDN230330583-1A_H2CGWDSX7_L4_1	22.38136591132377	18.0	150.0	150	9.090909090909092	36611439.0
U78_N1_FKDN230330583-1A_H2CGWDSX7_L4_2	18.40033540828243	22.0	150.0	150	27.27272727272727	36611439.0
U78_N1_FKDN230330583-1A_H2CTYDSX7_L1_1	23.64809681151577	18.0	150.0	150	9.090909090909092	4984330.0
U78_N1_FKDN230330583-1A_H2CTYDSX7_L1_2	23.085986189729752	22.0	150.0	150	18.181818181818183	4984330.0
U78_U1_FKDN230330603-1A_H2CGWDSX7_L4_1	19.32423349589307	19.0	150.0	150	9.090909090909092	19950952.0
U78_U1_FKDN230330603-1A_H2CGWDSX7_L4_2	16.188820975351064	22.0	150.0	150	27.27272727272727	19950952.0
U78_U1_FKDN230330603-1A_H2CTYDSX7_L1_1	22.35077714236806	19.0	150.0	150	9.090909090909092	4631347.0
U78_U1_FKDN230330603-1A_H2CTYDSX7_L1_2	22.16096528251606	22.0	150.0	150	18.181818181818183	4631347.0
U87_N2_FKDN230330584-1A_H2CGWDSX7_L4_1	22.877612539125593	19.0	150.0	150	9.090909090909092	50492402.0
U87_N2_FKDN230330584-1A_H2CGWDSX7_L4_2	19.085339828505425	22.0	150.0	150	27.27272727272727	50492402.0
U87_N2_FKDN230330584-1A_H2CTYDSX7_L1_1	23.025117735074033	19.0	150.0	150	9.090909090909092	5317948.0
U87_N2_FKDN230330584-1A_H2CTYDSX7_L1_2	22.358589426332927	22.0	150.0	150	18.181818181818183	5317948.0
U87_U1_FKDN230330604-1A_H2CGWDSX7_L4_1	20.308485021238752	19.0	150.0	150	9.090909090909092	35603337.0
U87_U1_FKDN230330604-1A_H2CGWDSX7_L4_2	16.961953913914584	22.0	150.0	150	27.27272727272727	35603337.0
U87_U1_FKDN230330604-1A_H2CTYDSX7_L1_1	22.215393441176857	19.0	150.0	150	9.090909090909092	6084003.0
U87_U1_FKDN230330604-1A_H2CTYDSX7_L1_2	22.031496036705605	22.0	150.0	150	18.181818181818183	6084003.0
U88_N2_FKDN230330585-1A_H2CGWDSX7_L4_1	21.145938701410174	19.0	150.0	150	9.090909090909092	29192246.0
U88_N2_FKDN230330585-1A_H2CGWDSX7_L4_2	16.797451471237792	22.0	150.0	150	27.27272727272727	29192246.0
U88_N2_FKDN230330585-1A_H2CTYDSX7_L1_1	13.839307560332514	19.0	150.0	150	9.090909090909092	2913982.0
U88_N2_FKDN230330585-1A_H2CTYDSX7_L1_2	13.10223087564205	22.0	150.0	150	27.27272727272727	2913982.0
U88_U2_FKDN230330605-1A_H2CGWDSX7_L4_1	20.48817737527075	19.0	150.0	150	9.090909090909092	32172642.0
U88_U2_FKDN230330605-1A_H2CGWDSX7_L4_2	17.632026107449192	22.0	150.0	150	27.27272727272727	32172642.0
U88_U2_FKDN230330605-1A_H2CTYDSX7_L1_1	22.424150687605433	19.0	150.0	150	9.090909090909092	5671255.0
U88_U2_FKDN230330605-1A_H2CTYDSX7_L1_2	22.388315805694887	22.0	150.0	150	18.181818181818183	5671255.0
U910_N1_FKDN230330587-1A_H2CGWDSX7_L4_1	20.506144878665452	20.0	150.0	150	9.090909090909092	41786214.0
U910_N1_FKDN230330587-1A_H2CGWDSX7_L4_2	17.859500997465304	23.0	150.0	150	36.36363636363637	41786214.0
U910_N1_FKDN230330587-1A_H2CTYDSX7_L1_1	21.867863160439356	20.0	150.0	150	9.090909090909092	5658733.0
U910_N1_FKDN230330587-1A_H2CTYDSX7_L1_2	21.644172296922136	23.0	150.0	150	27.27272727272727	5658733.0
U910_U1_FKDN230330607-1A_HWC35DSX5_L4_1	15.503692863762907	19.0	150.0	150	9.090909090909092	4727780.0
U910_U1_FKDN230330607-1A_HWC35DSX5_L4_2	14.885107512157731	22.0	150.0	150	27.27272727272727	4727780.0
U910_U1_FKDN230330607-1A_HY7MCDSX5_L4_1	20.457812274422224	19.0	150.0	150	9.090909090909092	26851213.0
U910_U1_FKDN230330607-1A_HY7MCDSX5_L4_2	12.931838095960885	22.0	150.0	150	27.27272727272727	26851213.0
U99_N2_FKDN230330586-1A_H2CGWDSX7_L4_1	20.836376783901784	19.0	150.0	150	9.090909090909092	48454516.0
U99_N2_FKDN230330586-1A_H2CGWDSX7_L4_2	18.100075173198732	22.0	150.0	150	27.27272727272727	48454516.0
U99_N2_FKDN230330586-1A_H2CTYDSX7_L1_1	21.607196173207512	19.0	150.0	150	9.090909090909092	5237671.0
U99_N2_FKDN230330586-1A_H2CTYDSX7_L1_2	21.487360218493635	22.0	150.0	150	18.181818181818183	5237671.0
U99_U1_FKDN230330606-1A_H2CGWDSX7_L4_1	20.56628202465295	20.0	150.0	150	18.181818181818183	43612872.0
U99_U1_FKDN230330606-1A_H2CGWDSX7_L4_2	17.024491732824075	23.0	150.0	150	27.27272727272727	43612872.0
U99_U1_FKDN230330606-1A_H2CTYDSX7_L1_1	21.774649265657757	19.0	150.0	150	9.090909090909092	7285170.0
U99_U1_FKDN230330606-1A_H2CTYDSX7_L1_2	21.383971121742746	23.0	150.0	150	27.27272727272727	7285170.0
